3608
1;3;2296;62;18;3;3
61;3;2224;62;1075;68;3
121;2;2280;50;2209;139;3
181;3;2280;62;3355;210;3
241;3;2248;62;4490;281;3
301;3;2280;62;5596;350;3
361;3;2288;62;6719;419;3
421;3;2240;62;7844;489;3
481;3;2264;62;8995;560;3
541;2;2264;50;10071;627;3
601;3;2272;62;11238;700;3
661;3;2272;62;12357;768;3
721;3;2248;62;13539;841;3
781;3;2272;62;14657;911;3
841;3;2272;62;15781;981;3
901;3;2264;62;16889;1050;3
961;3;2272;62;18081;1124;3
1021;3;2248;62;19173;1192;3
1081;3;2272;62;20328;1264;3
1141;3;2280;62;21498;1337;3
1201;3;2256;62;22651;1409;3
1261;3;2272;62;23729;1475;3
1321;2;2192;63;24871;1516;3
1381;3;2272;62;26038;1580;3
1441;3;2272;62;27199;1652;3
1501;3;2272;62;28289;1719;3
1561;3;2272;62;29428;1790;3
1621;2;2272;50;30578;1862;3
1681;3;2272;62;31717;1932;3
1741;3;2272;62;32858;2003;3
1801;3;2280;62;33999;2073;3
1861;2;2248;50;35091;2141;3
1921;3;2280;62;36252;2214;3
1981;3;2264;62;37379;2284;3
2041;3;2272;62;38532;2356;3
2101;3;2280;62;39667;2427;3
2161;3;2272;62;40796;2497;3
2221;2;2264;50;41907;2567;3
2281;3;2264;62;43039;2638;3
2341;3;2256;62;44198;2710;3
2401;3;2264;62;45343;2782;3
2461;2;2264;50;46466;2852;3
2521;3;2272;62;47594;2922;3
2581;3;2288;62;48737;2993;3
2641;3;2248;62;49882;3064;3
2701;3;2272;62;51045;3136;3
2761;2;2256;50;52166;3205;3
2821;3;2288;62;53323;3277;3
2881;3;2272;62;54452;3348;3
2941;3;2296;62;55570;3417;3
3001;3;2264;62;56695;3487;3
3061;3;2272;62;57813;3557;3
3121;3;2256;62;58944;3627;3
3181;3;2256;62;60044;3696;3
3241;2;2240;50;61171;3767;3
3301;3;2280;62;62311;3839;3
3361;3;2264;62;63446;3909;3
3421;3;2264;62;64611;3982;3
3481;3;2256;62;65721;4052;3
3541;3;2280;62;66874;4124;3
3601;3;2248;62;68005;4194;3
3661;3;2264;62;69162;4267;3
3721;3;2288;62;70297;4338;3
3781;2;2256;50;71394;4406;3
3841;3;2272;62;72529;4475;3
3901;3;2280;62;73661;4546;3
3961;3;2256;62;74790;4616;3
4021;2;2272;50;75919;4687;3
4081;3;2264;62;77087;4760;3
4141;3;2264;62;78246;4833;3
4201;3;2216;75;79418;4875;3
4261;3;2208;75;80545;4915;3
4321;3;2208;75;81647;4955;3
4381;3;2240;75;82773;4996;3
4441;3;2208;75;83884;5035;3
4501;3;2272;62;84992;5097;3
4561;3;2256;62;86119;5166;3
4621;3;2280;62;87271;5238;3
4681;3;2280;62;88381;5307;3
4741;3;2272;62;89549;5379;3
4801;3;2272;62;90631;5446;3
4861;3;2248;62;91786;5491;3
4921;3;2264;62;92907;5560;3
4981;2;2256;50;94012;5629;3
5041;3;2272;62;95141;5699;3
5101;3;2272;62;96276;5770;3
5161;3;2280;62;97350;5835;3
5221;3;2280;62;98463;5905;3
5281;3;2272;62;99551;5972;3
5341;3;2224;75;100666;6012;3
5401;3;2240;75;101839;6054;3
5461;3;2200;75;102935;6093;3
5521;3;2200;75;104076;6134;3
5581;3;2280;62;105195;6201;3
5641;3;2264;62;106341;6273;3
5701;3;2240;62;107434;6340;3
5761;3;2248;62;108598;6412;3
5821;3;2296;62;109727;6483;3
5881;3;2280;62;110870;6544;3
5941;3;2288;62;111968;6612;3
6001;3;2288;62;113148;6686;3
6061;2;2256;50;114276;6755;3
6121;3;2264;62;115362;6821;3
6181;3;2264;62;116507;6892;3
6241;3;2272;62;117627;6963;3
6301;3;2272;62;118788;7035;3
6361;3;2272;62;119926;7105;3
6421;3;2264;62;121051;7175;3
6481;3;2296;62;122161;7244;3
6541;3;2272;62;123292;7314;3
6601;2;2232;50;124448;7387;3
6661;3;2224;62;125617;7460;3
6721;3;2280;62;126713;7528;3
6781;3;2240;62;127852;7599;3
6841;3;2256;62;128973;7668;3
6901;3;2288;62;130087;7738;3
6961;3;2272;62;131187;7808;3
7021;3;2272;62;132277;7875;3
7081;3;2240;62;133436;7948;3
7141;3;2280;62;134569;8002;3
7201;3;2280;62;135724;8075;3
7261;3;2272;62;136826;8143;3
7321;3;2264;62;137932;8211;3
7381;3;2280;62;139041;8280;3
7441;3;2264;62;140174;8351;3
7501;3;2264;62;141330;8424;3
7561;3;2264;62;142489;8496;3
7621;2;2264;50;143645;8567;3
7681;3;2272;62;144739;8635;3
7741;2;2272;50;145874;8706;3
7801;3;2248;62;146992;8775;3
7861;3;2272;62;148170;8848;3
7921;3;2272;62;149271;8916;3
7981;2;2272;50;150397;8986;3
8041;3;2280;62;151516;9056;3
8101;3;2256;62;152669;9129;3
8161;3;2272;62;153827;9201;3
8221;3;2264;62;154927;9269;3
8281;3;2256;62;156090;9342;3
8341;3;2280;62;157184;9409;3
8401;3;2272;62;158305;9478;3
8461;3;2248;62;159432;9549;3
8521;3;2264;62;160547;9619;3
8581;2;2272;50;161652;9688;3
8641;3;2272;62;162803;9760;3
8701;3;2272;62;163910;9829;3
8761;2;2264;50;165066;9902;3
8821;3;2272;62;166188;9972;3
8881;2;2272;50;167310;10041;3
8941;3;2264;62;168457;10112;3
9001;3;2272;62;169592;10183;3
9061;3;2272;62;170691;10251;3
9121;3;2256;62;171797;10320;3
9181;3;2264;62;172873;10387;3
9241;3;2272;62;174041;10460;3
9301;3;2272;62;175197;10532;3
9361;3;2248;62;176309;10602;3
9421;3;2264;62;177484;10676;3
9481;3;2280;62;178611;10746;3
9541;3;2280;62;179728;10816;3
9601;3;2280;62;180845;10870;3
9661;2;2256;50;181993;10941;3
9721;3;2256;62;183117;11011;3
9781;3;2256;62;184252;11082;3
9841;2;2272;50;185378;11152;3
9901;3;2248;62;186519;11223;3
9961;3;2248;62;187705;11293;3
10021;3;2264;62;188775;11359;3
10081;3;2288;62;189888;11427;3
10141;3;2264;62;191035;11498;3
10201;3;2264;62;192192;11570;3
10261;3;2272;62;193289;11638;3
10321;3;2256;62;194440;11710;3
10381;3;2280;62;195599;11782;3
10441;3;2256;62;196756;11854;3
10501;3;2272;62;197830;11921;3
10561;3;2208;75;198950;11961;3
10621;3;2216;75;200063;12001;3
10681;2;2232;63;201184;12041;3
10741;3;2208;75;202353;12083;3
10801;3;2288;62;203508;12145;3
10861;3;2288;62;204607;12213;3
10921;3;2256;62;205758;12285;3
10981;3;2256;62;206927;12358;3
11041;3;2256;62;208062;12429;3
11101;3;2296;62;209162;12497;3
11161;3;2256;62;210321;12568;3
11221;3;2296;62;211434;12637;3
11281;3;2256;62;212560;12707;3
11341;2;2288;50;213675;12776;3
11401;3;2264;62;214833;12849;3
11461;3;2264;62;215921;12916;3
11521;2;2256;50;217050;12986;3
11581;3;2256;62;218189;13057;3
11641;2;2256;50;219221;13122;3
11701;2;2256;50;219221;13122;-99110571
11761;2;2256;50;219221;13122;-198227924
11821;2;2256;50;219221;13122;-297339326
11881;2;2256;50;219221;13122;-396452544
11941;2;2256;50;219221;13122;-495583896
12001;2;2256;50;219221;13122;-594705242
12061;2;2256;50;219221;13122;-693829318
12121;2;2256;50;219221;13122;-792943785
12181;2;2256;50;219221;13122;-892056372
12241;2;2256;50;219221;13122;-991175858
12301;2;2256;50;219221;13122;-1090299554
12361;2;2256;50;219221;13122;-1189410967
12421;2;2256;50;219221;13122;-1288524424
12481;2;2256;50;219221;13122;-1387642508
12541;2;2256;50;219221;13122;-1486763114
12601;2;2256;50;219221;13122;-1585872890
12661;2;2256;50;219221;13122;-1684987472
12721;2;2256;50;219221;13122;-1784105189
12781;2;2256;50;219221;13122;-1883226247
12841;2;2256;50;219221;13122;-1982338988
12901;2;2256;50;219221;13122;-2081456105
12961;2;2256;50;219221;13122;2114388603
13021;2;2256;50;219221;13122;2015285002
13081;2;2256;50;219221;13122;1916180570
13141;2;2256;50;219221;13122;1817077584
13201;2;2256;50;219221;13122;1717956048
13261;2;2256;50;219221;13122;1618836508
13321;2;2256;50;219221;13122;1519713500
13381;2;2256;50;219221;13122;1420592362
13441;2;2256;50;219221;13122;1321479958
13501;2;2256;50;219221;13122;1222373378
13561;2;2256;50;219221;13122;1123257784
13621;2;2256;50;219221;13122;1024148679
13681;2;2256;50;219221;13122;925038963
13741;2;2256;50;219221;13122;825919645
13801;2;2256;50;219221;13122;726813856
13861;2;2256;50;219221;13122;627708890
13921;2;2256;50;219221;13122;528594843
13981;2;2256;50;219221;13122;429481748
14041;2;2256;50;219221;13122;330376548
14101;2;2256;50;219221;13122;231264463
14161;2;2256;50;219221;13122;132152571
14221;2;2256;50;219221;13122;33034220
14281;2;2256;50;219221;13122;-66078940
14341;2;2256;50;219221;13122;-165192727
14401;2;2256;50;219221;13122;-264307438
14461;2;2256;50;219221;13122;-363422414
14521;2;2256;50;219221;13122;-462529776
14581;2;2256;50;219221;13122;-561658806
14641;2;2256;50;219221;13122;-660776031
14701;2;2256;50;219221;13122;-759881329
14761;2;2256;50;219221;13122;-859005594
14821;2;2256;50;219221;13122;-958122136
14881;2;2256;50;219221;13122;-1057239526
14941;2;2256;50;219221;13122;-1156350235
15001;2;2256;50;219221;13122;-1255476602
15061;2;2256;50;219221;13122;-1354588412
15121;2;2256;50;219221;13122;-1453705423
15181;2;2256;50;219221;13122;-1552819751
15241;2;2256;50;219221;13122;-1651931387
15301;2;2256;50;219221;13122;-1751038409
15361;2;2256;50;219221;13122;-1850152346
15421;2;2256;50;219221;13122;-1949257959
15481;2;2256;50;219221;13122;-2048372314
15541;2;2256;50;219221;13122;-2147480623
15601;2;2256;50;219221;13122;2048372519
15661;2;2256;50;219221;13122;1949262103
15721;2;2256;50;219221;13122;1850143741
15781;2;2256;50;219221;13122;1751024117
15841;2;2256;50;219221;13122;1651893859
15901;2;2256;50;219221;13122;1552776302
15961;2;2256;50;219221;13122;1453648742
16021;2;2256;50;219221;13122;1354532642
16081;2;2256;50;219221;13122;1255416932
16141;2;2256;50;219221;13122;1156307260
16201;2;2256;50;219221;13122;1057194878
16261;2;2256;50;219221;13122;958084144
16321;2;2256;50;219221;13122;858973534
16381;2;2256;50;219221;13122;759856323
16441;2;2256;50;219221;13122;660748905
16501;2;2256;50;219221;13122;561634384
16561;2;2256;50;219221;13122;462525480
16621;2;2256;50;219221;13122;363409067
16681;2;2256;50;219221;13122;264289929
16741;2;2256;50;219221;13122;165175173
16801;2;2256;50;219221;13122;66049976
16861;2;2256;50;219221;13122;-33077302
16921;2;2256;50;219221;13122;-132187701
16981;2;2256;50;219221;13122;-231300834
17041;2;2256;50;219221;13122;-330412516
17101;2;2256;50;219221;13122;-429527957
17161;2;2256;50;219221;13122;-528629865
17221;2;2256;50;219221;13122;-627744699
17281;2;2256;50;219221;13122;-726857869
17341;2;2256;50;219221;13122;-825973759
17401;2;2256;50;219221;13122;-925085074
17461;2;2256;50;219221;13122;-1024202225
17521;2;2256;50;219221;13122;-1123326061
17581;2;2256;50;219221;13122;-1222441357
17641;2;2256;50;219221;13122;-1321561668
17701;2;2256;50;219221;13122;-1420691645
17761;2;2256;50;219221;13122;-1519814888
17821;2;2256;50;219221;13122;-1618927308
17881;2;2256;50;219221;13122;-1718037649
17941;2;2256;50;219221;13122;-1817162364
18001;2;2256;50;219221;13122;-1916275018
18061;2;2256;50;219221;13122;-2015388713
18121;2;2256;50;219221;13122;-2114494100
18181;2;2256;50;219221;13122;2081361663
18241;2;2256;50;219221;13122;1982245444
18301;2;2256;50;219221;13122;1883136496
18361;2;2256;50;219221;13122;1784013429
18421;2;2256;50;219221;13122;1684893007
18481;2;2256;50;219221;13122;1585776742
18541;2;2256;50;219221;13122;1486642580
18601;2;2256;50;219221;13122;1387527770
18661;2;2256;50;219221;13122;1288408074
18721;2;2256;50;219221;13122;1189297183
18781;2;2256;50;219221;13122;1090195680
18841;2;2256;50;219221;13122;991071030
18901;2;2256;50;219221;13122;891960745
18961;2;2256;50;219221;13122;792844126
19021;2;2256;50;219221;13122;693730708
19081;2;2256;50;219221;13122;594614777
19141;2;2256;50;219221;13122;495499985
19201;2;2256;50;219221;13122;396386052
19261;2;2256;50;219221;13122;297274674
19321;2;2256;50;219221;13122;198164359
19381;2;2256;50;219221;13122;99054838
19441;2;2256;50;219221;13122;-56857
19501;2;2256;50;219221;13122;-99166269
19561;2;2256;50;219221;13122;-198276232
19621;2;2256;50;219221;13122;-297402219
19681;2;2256;50;219221;13122;-396518241
19741;2;2256;50;219221;13122;-495634881
19801;2;2256;50;219221;13122;-594742045
19861;2;2256;50;219221;13122;-693858093
19921;2;2256;50;219221;13122;-792992074
19981;2;2256;50;219221;13122;-892101471
20041;2;2256;50;219221;13122;-991220029
20101;2;2256;50;219221;13122;-1090324847
20161;2;2256;50;219221;13122;-1189439064
20221;2;2256;50;219221;13122;-1288558705
20281;2;2256;50;219221;13122;-1387669606
20341;2;2256;50;219221;13122;-1486783432
20401;2;2256;50;219221;13122;-1585899774
20461;2;2256;50;219221;13122;-1685006111
20521;2;2256;50;219221;13122;-1784127670
20581;2;2256;50;219221;13122;-1883250692
20641;2;2256;50;219221;13122;-1982361469
20701;2;2256;50;219221;13122;-2081495508
20761;2;2256;50;219221;13122;2114353461
20821;2;2256;50;219221;13122;2015252266
20881;2;2256;50;219221;13122;1916141306
20941;2;2256;50;219221;13122;1817034836
21001;2;2256;50;219221;13122;1717916541
21061;2;2256;50;219221;13122;1618807207
21121;2;2256;50;219221;13122;1519697227
21181;2;2256;50;219221;13122;1420585367
21241;2;2256;50;219221;13122;1321473024
21301;2;2256;50;219221;13122;1222360117
21361;2;2256;50;219221;13122;1123257810
21421;2;2256;50;219221;13122;1024152787
21481;2;2256;50;219221;13122;925040880
21541;2;2256;50;219221;13122;825932505
21601;2;2256;50;219221;13122;726823150
21661;2;2256;50;219221;13122;627708093
21721;2;2256;50;219221;13122;528590318
21781;2;2256;50;219221;13122;429485674
21841;2;2256;50;219221;13122;330372674
21901;2;2256;50;219221;13122;231259399
21961;2;2256;50;219221;13122;132153258
22021;2;2256;50;219221;13122;33043358
22081;2;2256;50;219221;13122;-66063012
22141;2;2256;50;219221;13122;-165171455
22201;2;2256;50;219221;13122;-264297842
22261;2;2256;50;219221;13122;-363429025
22321;2;2256;50;219221;13122;-462549813
22381;2;2256;50;219221;13122;-561662944
22441;2;2256;50;219221;13122;-660776923
22501;2;2256;50;219221;13122;-759891679
22561;2;2256;50;219221;13122;-859020834
22621;2;2256;50;219221;13122;-958150407
22681;2;2256;50;219221;13122;-1057275606
22741;2;2256;50;219221;13122;-1156390196
22801;2;2256;50;219221;13122;-1255503130
22861;2;2256;50;219221;13122;-1354621490
22921;2;2256;50;219221;13122;-1453727146
22981;2;2256;50;219221;13122;-1552848226
23041;2;2256;50;219221;13122;-1651970994
23101;2;2256;50;219221;13122;-1751092095
23161;2;2256;50;219221;13122;-1850212163
23221;2;2256;50;219221;13122;-1949322034
23281;2;2256;50;219221;13122;-2048446079
23341;2;2256;50;219221;13122;2147411329
23401;2;2256;50;219221;13122;2048300639
23461;2;2256;50;219221;13122;1949182831
23521;2;2256;50;219221;13122;1850079458
23581;2;2256;50;219221;13122;1750964326
23641;2;2256;50;219221;13122;1651838969
23701;2;2256;50;219221;13122;1552722361
23761;2;2256;50;219221;13122;1453619456
23821;2;2256;50;219221;13122;1354504072
23881;2;2256;50;219221;13122;1255390369
23941;2;2256;50;219221;13122;1156272194
24001;2;2256;50;219221;13122;1057151367
24061;2;2256;50;219221;13122;958033456
24121;2;2256;50;219221;13122;858927833
24181;2;2256;50;219221;13122;759810150
24241;2;2256;50;219221;13122;660690350
24301;2;2256;50;219221;13122;561580389
24361;2;2256;50;219221;13122;462467642
24421;2;2256;50;219221;13122;363350726
24481;2;2256;50;219221;13122;264222552
24541;2;2256;50;219221;13122;165096893
24601;2;2256;50;219221;13122;65973714
24661;2;2256;50;219221;13122;-33138016
24721;2;2256;50;219221;13122;-132259864
24781;2;2256;50;219221;13122;-231374721
24841;2;2256;50;219221;13122;-330494532
24901;2;2256;50;219221;13122;-429613388
24961;2;2256;50;219221;13122;-528732474
25021;2;2256;50;219221;13122;-627844337
25081;2;2256;50;219221;13122;-726966959
25141;2;2256;50;219221;13122;-826089185
25201;2;2256;50;219221;13122;-925200999
25261;2;2256;50;219221;13122;-1024330756
25321;2;2256;50;219221;13122;-1123452605
25381;2;2256;50;219221;13122;-1222572418
25441;2;2256;50;219221;13122;-1321684894
25501;2;2256;50;219221;13122;-1420811354
25561;2;2256;50;219221;13122;-1519931987
25621;2;2256;50;219221;13122;-1619041173
25681;2;2256;50;219221;13122;-1718159520
25741;2;2256;50;219221;13122;-1817268931
25801;2;2256;50;219221;13122;-1916381868
25861;2;2256;50;219221;13122;-2015492435
25921;2;2256;50;219221;13122;-2114609370
25981;2;2256;50;219221;13122;2081227020
26041;2;2256;50;219221;13122;1982100918
26101;2;2256;50;219221;13122;1882972233
26161;2;2256;50;219221;13122;1783853385
26221;2;2256;50;219221;13122;1684730984
26281;2;2256;50;219221;13122;1585611078
26341;2;2256;50;219221;13122;1486492833
26401;2;2256;50;219221;13122;1387371656
